12 28
50964 21253 20867 32495 54595 52296 72464 38978 32993 36333 12214 4738
69 38 12 42 67 22 49 22 28 41 21 4
0 1 0.29429358738247224
1 0 0.40583218531760884
1 2 0.16616631761679898
1 3 0.25876141711591905
2 1 0.28483548884272597
2 3 0.43550224485693223
3 1 0.09702351061401507
3 2 0.09526135585482766
3 6 0.33081031727916
3 7 0.1779411093357681
3 8 0.15061858023282357
4 5 0.48924605439185714
5 4 0.304396308996125
5 6 0.404025535948259
6 3 0.16559396227953505
6 5 0.26649951842962194
6 7 0.19863121901005437
7 8 0.1864748770700277
7 3 0.18366020460068955
7 6 0.4095631040524501
8 9 0.2580487077322992
8 3 0.23078999140618897
8 7 0.27683435251670824
9 8 0.4046234976698553
9 10 0.1497915133676723
10 9 0.6818616871539833
10 11 0.08891808201182322
11 10 0.7205049551675319
