12 28
50964 21253 20867 32495 54595 52296 72464 38978 32993 36333 12214 4738
69 38 12 42 67 22 49 22 28 41 21 4
1 2 0.29429358738247224
2 1 0.40583218531760884
2 3 0.16616631761679898
2 4 0.25876141711591905
3 2 0.28483548884272597
3 4 0.43550224485693223
4 2 0.09702351061401507
4 3 0.09526135585482766
4 7 0.33081031727916
4 8 0.1779411093357681
4 9 0.15061858023282357
5 6 0.48924605439185714
6 5 0.304396308996125
6 7 0.404025535948259
7 4 0.16559396227953505
7 6 0.26649951842962194
7 8 0.19863121901005437
8 9 0.1864748770700277
8 4 0.18366020460068955
8 7 0.4095631040524501
9 10 0.2580487077322992
9 4 0.23078999140618897
9 8 0.27683435251670824
10 9 0.4046234976698553
10 11 0.1497915133676723
11 10 0.6818616871539833
11 12 0.08891808201182322
12 11 0.7205049551675319
12 11
1 2
2 4
3 4
4 9
5 6
6 7
7 8
8 9
9 10
10 11
11 12
622.2818668477739
