16 50
50964 7143 14110 20867 32495 40437 40871 25583 72464 38978 15291 17702 36333 5898 6316 4738
69 14 24 12 42 41 31 17 49 22 16 12 41 10 11 4
1 2 0.09891022889347384
1 3 0.19538335848899843
2 1 0.5475054789222638
2 3 0.15158351596407546
2 4 0.22417386446650336
3 1 0.40583218531760884
3 2 0.05688052938787536
3 4 0.16616631761679898
3 5 0.25876141711591905
4 2 0.09573142129598607
4 3 0.18910406754673992
4 5 0.43550224485693223
5 3 0.06658581358803627
5 4 0.09847244310003916
5 9 0.34196133209379587
5 10 0.18393918086707847
5 11 0.07215901315199592
5 12 0.08353664579272983
6 7 0.3823614710312374
6 8 0.23933726880654124
7 6 0.3783012601622213
7 8 0.23933726880654124
8 9 0.404025535948259
8 6 0.22545789077527809
8 7 0.227877672771877
9 10 0.22993157149598867
9 5 0.1916882963662105
9 8 0.15091434638980653
10 5 0.18366020460068955
10 9 0.4095631040524501
10 11 0.08642400949528062
10 12 0.10005086757474707
11 10 0.3731166121034595
11 12 0.16945226197997434
11 5 0.3110581433193575
12 5 0.23078999140618897
12 10 0.27683435251670824
12 11 0.10860162359107664
12 13 0.2580487077322992
13 12 0.2672040332684267
13 14 0.08902775890956845
13 15 0.0953372881100092
14 13 0.6818616871539833
14 15 0.11853242000563011
14 16 0.08891808201182322
15 13 0.6818616871539833
15 14 0.11068781082856338
15 16 0.08891808201182322
16 14 0.34792354884379423
16 15 0.3725814063237376
16 15
1 2
2 3
2 4
3 5
5 11
6 8
7 8
8 9
9 10
10 12
11 12
12 13
13 14
14 15
14 16
622.2791980559683
