16 50
50964 7143 14110 20867 32495 40437 40871 25583 72464 38978 15291 17702 36333 5898 6316 4738
69 14 24 12 42 41 31 17 49 22 16 12 41 10 11 4
0 1 0.09891022889347384
0 2 0.19538335848899843
1 0 0.5475054789222638
1 2 0.15158351596407546
1 3 0.22417386446650336
2 0 0.40583218531760884
2 1 0.05688052938787536
2 3 0.16616631761679898
2 4 0.25876141711591905
3 1 0.09573142129598607
3 2 0.18910406754673992
3 4 0.43550224485693223
4 2 0.06658581358803627
4 3 0.09847244310003916
4 8 0.34196133209379587
4 9 0.18393918086707847
4 10 0.07215901315199592
4 11 0.08353664579272983
5 6 0.3823614710312374
5 7 0.23933726880654124
6 5 0.3783012601622213
6 7 0.23933726880654124
7 8 0.404025535948259
7 5 0.22545789077527809
7 6 0.227877672771877
8 9 0.22993157149598867
8 4 0.1916882963662105
8 7 0.15091434638980653
9 4 0.18366020460068955
9 8 0.4095631040524501
9 10 0.08642400949528062
9 11 0.10005086757474707
10 9 0.3731166121034595
10 11 0.16945226197997434
10 4 0.3110581433193575
11 4 0.23078999140618897
11 9 0.27683435251670824
11 10 0.10860162359107664
11 12 0.2580487077322992
12 11 0.2672040332684267
12 13 0.08902775890956845
12 14 0.0953372881100092
13 12 0.6818616871539833
13 14 0.11853242000563011
13 15 0.08891808201182322
14 12 0.6818616871539833
14 13 0.11068781082856338
14 15 0.08891808201182322
15 13 0.34792354884379423
15 14 0.3725814063237376
